{
 "cells": [
  {
   "cell_type": "code",
   "execution_count": 8,
   "metadata": {},
   "outputs": [],
   "source": [
    "from sklearn.feature_extraction.text import CountVectorizer\n",
    "import numpy as np\n",
    "from sklearn.feature_extraction.text import TfidfVectorizer \n"
   ]
  },
  {
   "cell_type": "code",
   "execution_count": 15,
   "metadata": {},
   "outputs": [],
   "source": [
    "\n",
    "content = [\"Human machine interface for, Lab ABC computer applications\",\n",
    "\"A survey of user opinion. of computer system response time\",\n",
    "\"The EPS user interface, management system\"\n",
    "\"System and human system, engineering testing of EPS\",\n",
    "\"Relation of user-perceived response time to error measurement\",\n",
    "\"The generation of random, binary, unordered trees\",\n",
    "\"The intersection graph, of paths in trees\",\n",
    "\"Graph minors IV: Widths of trees and well-quasi-ordering\",\n",
    "\"Graph minors: A survey\"]\n"
   ]
  },
  {
   "cell_type": "code",
   "execution_count": 16,
   "metadata": {},
   "outputs": [],
   "source": [
    "tfidf = TfidfVectorizer()"
   ]
  },
  {
   "cell_type": "code",
   "execution_count": 17,
   "metadata": {},
   "outputs": [],
   "source": [
    "result = tfidf.fit_transform(content)"
   ]
  },
  {
   "cell_type": "code",
   "execution_count": 18,
   "metadata": {},
   "outputs": [
    {
     "name": "stdout",
     "output_type": "stream",
     "text": [
      "\n",
      "Word indexes:\n",
      "{'human': 11, 'machine': 17, 'interface': 13, 'for': 8, 'lab': 16, 'abc': 0, 'computer': 4, 'applications': 2, 'survey': 30, 'of': 21, 'user': 39, 'opinion': 22, 'system': 31, 'response': 29, 'time': 35, 'the': 34, 'eps': 6, 'management': 18, 'systemsystem': 32, 'and': 1, 'engineering': 5, 'testing': 33, 'relation': 28, 'perceived': 25, 'to': 36, 'error': 7, 'measurement': 19, 'generation': 9, 'random': 27, 'binary': 3, 'unordered': 38, 'trees': 37, 'intersection': 14, 'graph': 10, 'paths': 24, 'in': 12, 'minors': 20, 'iv': 15, 'widths': 41, 'well': 40, 'quasi': 26, 'ordering': 23}\n"
     ]
    }
   ],
   "source": [
    "print('\\nWord indexes:') \n",
    "print(tfidf.vocabulary_)"
   ]
  },
  {
   "cell_type": "code",
   "execution_count": 22,
   "metadata": {},
   "outputs": [
    {
     "data": {
      "text/plain": [
       "array([[1, 0, 1, 0, 1, 0, 0, 0, 1, 0, 0, 1, 0, 1, 0, 0, 1, 1, 0, 0, 0, 0,\n",
       "        0, 0, 0, 0, 0, 0, 0, 0, 0, 0, 0, 0, 0, 0, 0, 0, 0, 0, 0, 0],\n",
       "       [0, 0, 0, 0, 1, 0, 0, 0, 0, 0, 0, 0, 0, 0, 0, 0, 0, 0, 0, 0, 0, 2,\n",
       "        1, 0, 0, 0, 0, 0, 0, 1, 1, 1, 0, 0, 0, 1, 0, 0, 0, 1, 0, 0],\n",
       "       [0, 1, 0, 0, 0, 1, 2, 0, 0, 0, 0, 1, 0, 1, 0, 0, 0, 0, 1, 0, 0, 1,\n",
       "        0, 0, 0, 0, 0, 0, 0, 0, 0, 1, 1, 1, 1, 0, 0, 0, 0, 1, 0, 0],\n",
       "       [0, 0, 0, 0, 0, 0, 0, 1, 0, 0, 0, 0, 0, 0, 0, 0, 0, 0, 0, 1, 0, 1,\n",
       "        0, 0, 0, 1, 0, 0, 1, 1, 0, 0, 0, 0, 0, 1, 1, 0, 0, 1, 0, 0],\n",
       "       [0, 0, 0, 1, 0, 0, 0, 0, 0, 1, 0, 0, 0, 0, 0, 0, 0, 0, 0, 0, 0, 1,\n",
       "        0, 0, 0, 0, 0, 1, 0, 0, 0, 0, 0, 0, 1, 0, 0, 1, 1, 0, 0, 0],\n",
       "       [0, 0, 0, 0, 0, 0, 0, 0, 0, 0, 1, 0, 1, 0, 1, 0, 0, 0, 0, 0, 0, 1,\n",
       "        0, 0, 1, 0, 0, 0, 0, 0, 0, 0, 0, 0, 1, 0, 0, 1, 0, 0, 0, 0],\n",
       "       [0, 1, 0, 0, 0, 0, 0, 0, 0, 0, 1, 0, 0, 0, 0, 1, 0, 0, 0, 0, 1, 1,\n",
       "        0, 1, 0, 0, 1, 0, 0, 0, 0, 0, 0, 0, 0, 0, 0, 1, 0, 0, 1, 1],\n",
       "       [0, 0, 0, 0, 0, 0, 0, 0, 0, 0, 1, 0, 0, 0, 0, 0, 0, 0, 0, 0, 1, 0,\n",
       "        0, 0, 0, 0, 0, 0, 0, 0, 1, 0, 0, 0, 0, 0, 0, 0, 0, 0, 0, 0]],\n",
       "      dtype=int64)"
      ]
     },
     "execution_count": 22,
     "metadata": {},
     "output_type": "execute_result"
    }
   ],
   "source": [
    "vectorizer = CountVectorizer()\n",
    "X = vectorizer.fit_transform(content) #X is Term-document matrix\n",
    "X.toarray()"
   ]
  },
  {
   "cell_type": "code",
   "execution_count": 24,
   "metadata": {},
   "outputs": [],
   "source": [
    "vector1=X[0]\n",
    "vector2=X[1]\n",
    "vector3=X[2]\n",
    "vector4=X[3]\n",
    "vector5=X[4]\n",
    "vector6=X[5]\n",
    "vector7=X[6]\n",
    "vector8=X[7]"
   ]
  },
  {
   "cell_type": "code",
   "execution_count": 30,
   "metadata": {},
   "outputs": [
    {
     "data": {
      "text/plain": [
       "array([[1, 1, 1, 1, 1, 1]], dtype=int64)"
      ]
     },
     "execution_count": 30,
     "metadata": {},
     "output_type": "execute_result"
    }
   ],
   "source": [
    "q=[\"Human-based review of computer systems\"]\n",
    "Y = vectorizer.fit_transform(q) \n",
    "Y.toarray()\n"
   ]
  },
  {
   "cell_type": "code",
   "execution_count": 31,
   "metadata": {},
   "outputs": [],
   "source": [
    "vectorQ=Y[0]\n"
   ]
  },
  {
   "cell_type": "code",
   "execution_count": 51,
   "metadata": {},
   "outputs": [],
   "source": [
    "import math\n",
    "def cosine_similarity(vector1,vector2):\n",
    "  dot=0\n",
    "  # Calculate numerator of cosine similarity\n",
    "  for i in range(vector1.shape[1]):\n",
    "        dot =dot+ (vector1[i] * vector2[i])\n",
    "        \n",
    "  # Normalize the first vector\n",
    "  sum_vector1 = 0.0\n",
    "  for i in range(vector1.shape[1]):\n",
    "        sum_vector1 += sum_vector1 + (vector1[i]*vector1[i])\n",
    "  norm_vector1 = math.sqrt(sum_vector1)\n",
    "  \n",
    "  # Normalize the second vector\n",
    "  sum_vector2 = 0.0\n",
    "  for i in range(vector2.shape[1]):\n",
    "    sum_vector2 += sum_vector2 + (vector2[i]*vector2[i] )\n",
    "  norm_vector2 = math.sqrt(sum_vector2)\n",
    "  \n",
    "  return (dot/(norm_vector1*norm_vector2))\n"
   ]
  },
  {
   "cell_type": "code",
   "execution_count": 52,
   "metadata": {},
   "outputs": [
    {
     "ename": "ValueError",
     "evalue": "dimension mismatch",
     "output_type": "error",
     "traceback": [
      "\u001b[1;31m---------------------------------------------------------------------------\u001b[0m",
      "\u001b[1;31mValueError\u001b[0m                                Traceback (most recent call last)",
      "\u001b[1;32m<ipython-input-52-5a529ead4b33>\u001b[0m in \u001b[0;36m<module>\u001b[1;34m\u001b[0m\n\u001b[1;32m----> 1\u001b[1;33m \u001b[0mprint\u001b[0m\u001b[1;33m(\u001b[0m\u001b[1;34m'D1:'\u001b[0m\u001b[1;33m,\u001b[0m\u001b[0mcosine_similarity\u001b[0m\u001b[1;33m(\u001b[0m\u001b[0mvector1\u001b[0m\u001b[1;33m,\u001b[0m\u001b[0mvectorQ\u001b[0m\u001b[1;33m)\u001b[0m\u001b[1;33m)\u001b[0m\u001b[1;33m\u001b[0m\u001b[1;33m\u001b[0m\u001b[0m\n\u001b[0m",
      "\u001b[1;32m<ipython-input-51-43cc09e03511>\u001b[0m in \u001b[0;36mcosine_similarity\u001b[1;34m(vector1, vector2)\u001b[0m\n\u001b[0;32m      4\u001b[0m   \u001b[1;31m# Calculate numerator of cosine similarity\u001b[0m\u001b[1;33m\u001b[0m\u001b[1;33m\u001b[0m\u001b[1;33m\u001b[0m\u001b[0m\n\u001b[0;32m      5\u001b[0m   \u001b[1;32mfor\u001b[0m \u001b[0mi\u001b[0m \u001b[1;32min\u001b[0m \u001b[0mrange\u001b[0m\u001b[1;33m(\u001b[0m\u001b[0mvector2\u001b[0m\u001b[1;33m.\u001b[0m\u001b[0mshape\u001b[0m\u001b[1;33m[\u001b[0m\u001b[1;36m1\u001b[0m\u001b[1;33m]\u001b[0m\u001b[1;33m)\u001b[0m\u001b[1;33m:\u001b[0m\u001b[1;33m\u001b[0m\u001b[1;33m\u001b[0m\u001b[0m\n\u001b[1;32m----> 6\u001b[1;33m         \u001b[0mdot\u001b[0m \u001b[1;33m=\u001b[0m\u001b[0mdot\u001b[0m\u001b[1;33m+\u001b[0m \u001b[1;33m(\u001b[0m\u001b[0mvector1\u001b[0m\u001b[1;33m[\u001b[0m\u001b[0mi\u001b[0m\u001b[1;33m]\u001b[0m \u001b[1;33m*\u001b[0m \u001b[0mvector2\u001b[0m\u001b[1;33m[\u001b[0m\u001b[0mi\u001b[0m\u001b[1;33m]\u001b[0m\u001b[1;33m)\u001b[0m\u001b[1;33m\u001b[0m\u001b[1;33m\u001b[0m\u001b[0m\n\u001b[0m\u001b[0;32m      7\u001b[0m \u001b[1;33m\u001b[0m\u001b[0m\n\u001b[0;32m      8\u001b[0m   \u001b[1;31m# Normalize the first vector\u001b[0m\u001b[1;33m\u001b[0m\u001b[1;33m\u001b[0m\u001b[1;33m\u001b[0m\u001b[0m\n",
      "\u001b[1;32mC:\\Users\\Public\\anaconda\\lib\\site-packages\\scipy\\sparse\\base.py\u001b[0m in \u001b[0;36m__mul__\u001b[1;34m(self, other)\u001b[0m\n\u001b[0;32m    477\u001b[0m         \u001b[1;32mif\u001b[0m \u001b[0missparse\u001b[0m\u001b[1;33m(\u001b[0m\u001b[0mother\u001b[0m\u001b[1;33m)\u001b[0m\u001b[1;33m:\u001b[0m\u001b[1;33m\u001b[0m\u001b[1;33m\u001b[0m\u001b[0m\n\u001b[0;32m    478\u001b[0m             \u001b[1;32mif\u001b[0m \u001b[0mself\u001b[0m\u001b[1;33m.\u001b[0m\u001b[0mshape\u001b[0m\u001b[1;33m[\u001b[0m\u001b[1;36m1\u001b[0m\u001b[1;33m]\u001b[0m \u001b[1;33m!=\u001b[0m \u001b[0mother\u001b[0m\u001b[1;33m.\u001b[0m\u001b[0mshape\u001b[0m\u001b[1;33m[\u001b[0m\u001b[1;36m0\u001b[0m\u001b[1;33m]\u001b[0m\u001b[1;33m:\u001b[0m\u001b[1;33m\u001b[0m\u001b[1;33m\u001b[0m\u001b[0m\n\u001b[1;32m--> 479\u001b[1;33m                 \u001b[1;32mraise\u001b[0m \u001b[0mValueError\u001b[0m\u001b[1;33m(\u001b[0m\u001b[1;34m'dimension mismatch'\u001b[0m\u001b[1;33m)\u001b[0m\u001b[1;33m\u001b[0m\u001b[1;33m\u001b[0m\u001b[0m\n\u001b[0m\u001b[0;32m    480\u001b[0m             \u001b[1;32mreturn\u001b[0m \u001b[0mself\u001b[0m\u001b[1;33m.\u001b[0m\u001b[0m_mul_sparse_matrix\u001b[0m\u001b[1;33m(\u001b[0m\u001b[0mother\u001b[0m\u001b[1;33m)\u001b[0m\u001b[1;33m\u001b[0m\u001b[1;33m\u001b[0m\u001b[0m\n\u001b[0;32m    481\u001b[0m \u001b[1;33m\u001b[0m\u001b[0m\n",
      "\u001b[1;31mValueError\u001b[0m: dimension mismatch"
     ]
    }
   ],
   "source": [
    "print('D1:',cosine_similarity(vector1,vectorQ))"
   ]
  },
  {
   "cell_type": "code",
   "execution_count": 55,
   "metadata": {},
   "outputs": [],
   "source": [
    "X=X.toarray()"
   ]
  },
  {
   "cell_type": "code",
   "execution_count": 56,
   "metadata": {},
   "outputs": [],
   "source": [
    "#Apply SVD\n",
    "U, S, V =np.linalg.svd(X)\n",
    "S=np.diag(S)\n",
    "#V=V[:5,:]"
   ]
  },
  {
   "cell_type": "code",
   "execution_count": 57,
   "metadata": {},
   "outputs": [
    {
     "name": "stdout",
     "output_type": "stream",
     "text": [
      "(8, 8) (8, 8) (42, 42)\n"
     ]
    }
   ],
   "source": [
    "print(U.shape, S.shape, V.shape)"
   ]
  },
  {
   "cell_type": "code",
   "execution_count": 58,
   "metadata": {},
   "outputs": [
    {
     "data": {
      "text/plain": [
       "array([[4.76655917, 0.        , 0.        , 0.        , 0.        ,\n",
       "        0.        , 0.        , 0.        ],\n",
       "       [0.        , 3.40604955, 0.        , 0.        , 0.        ,\n",
       "        0.        , 0.        , 0.        ],\n",
       "       [0.        , 0.        , 3.27168236, 0.        , 0.        ,\n",
       "        0.        , 0.        , 0.        ],\n",
       "       [0.        , 0.        , 0.        , 2.73486607, 0.        ,\n",
       "        0.        , 0.        , 0.        ],\n",
       "       [0.        , 0.        , 0.        , 0.        , 2.57119697,\n",
       "        0.        , 0.        , 0.        ],\n",
       "       [0.        , 0.        , 0.        , 0.        , 0.        ,\n",
       "        2.18006813, 0.        , 0.        ],\n",
       "       [0.        , 0.        , 0.        , 0.        , 0.        ,\n",
       "        0.        , 1.99014906, 0.        ],\n",
       "       [0.        , 0.        , 0.        , 0.        , 0.        ,\n",
       "        0.        , 0.        , 1.47339678]])"
      ]
     },
     "execution_count": 58,
     "metadata": {},
     "output_type": "execute_result"
    }
   ],
   "source": [
    "S"
   ]
  },
  {
   "cell_type": "code",
   "execution_count": 59,
   "metadata": {},
   "outputs": [
    {
     "data": {
      "text/plain": [
       "array([[ 0.11657869,  0.32576064,  0.05509811, -0.88983304,  0.23137502,\n",
       "        -0.17815045,  0.01002343, -0.00884995],\n",
       "       [ 0.5106581 , -0.10619854, -0.50400399, -0.13419595,  0.00574248,\n",
       "         0.64856715, -0.09090981,  0.16427016],\n",
       "       [ 0.6026951 ,  0.63965956,  0.32649203,  0.29868039, -0.16355496,\n",
       "        -0.03502934,  0.02521104, -0.05634146],\n",
       "       [ 0.336086  , -0.1255377 , -0.59744926,  0.07398181, -0.10422966,\n",
       "        -0.68773113,  0.09196801, -0.12873041],\n",
       "       [ 0.25649197, -0.2319602 ,  0.17444331,  0.14990442,  0.66768101,\n",
       "        -0.10551434, -0.57058441, -0.21214796],\n",
       "       [ 0.27737097, -0.32285035,  0.24940366,  0.04647805,  0.40073154,\n",
       "        -0.00970128,  0.75109781,  0.17217085],\n",
       "       [ 0.31858528, -0.52006122,  0.42519186, -0.23525341, -0.52101598,\n",
       "        -0.13655898, -0.23984144,  0.21042228],\n",
       "       [ 0.07227147, -0.17081057,  0.07733524, -0.12461785, -0.17600345,\n",
       "         0.20867719,  0.18789047, -0.91338055]])"
      ]
     },
     "execution_count": 59,
     "metadata": {},
     "output_type": "execute_result"
    }
   ],
   "source": [
    "U"
   ]
  },
  {
   "cell_type": "code",
   "execution_count": 60,
   "metadata": {},
   "outputs": [
    {
     "data": {
      "text/plain": [
       "array([[ 2.44576184e-02,  1.93279963e-01,  2.44576184e-02, ...,\n",
       "         3.04085012e-01,  6.68375791e-02,  6.68375791e-02],\n",
       "       [ 9.56417785e-02,  3.51135067e-02,  9.56417785e-02, ...,\n",
       "         1.19764352e-01, -1.52687508e-01, -1.52687508e-01],\n",
       "       [ 1.68409090e-02,  2.29754545e-01,  1.68409090e-02, ...,\n",
       "        -2.36869334e-01,  1.29961230e-01,  1.29961230e-01],\n",
       "       ...,\n",
       "       [ 5.26028712e-02, -2.77634420e-01, -2.69004765e-04, ...,\n",
       "         8.27293387e-01,  5.09054623e-02,  5.09054623e-02],\n",
       "       [-1.46428981e-02, -2.13534041e-01, -1.09408234e-01, ...,\n",
       "        -1.76525298e-02,  8.84692937e-01, -1.15307063e-01],\n",
       "       [-1.46428981e-02, -2.13534041e-01, -1.09408234e-01, ...,\n",
       "        -1.76525298e-02, -1.15307063e-01,  8.84692937e-01]])"
      ]
     },
     "execution_count": 60,
     "metadata": {},
     "output_type": "execute_result"
    }
   ],
   "source": [
    "V"
   ]
  },
  {
   "cell_type": "code",
   "execution_count": 61,
   "metadata": {},
   "outputs": [
    {
     "ename": "ValueError",
     "evalue": "shapes (8,8) and (42,42) not aligned: 8 (dim 1) != 42 (dim 0)",
     "output_type": "error",
     "traceback": [
      "\u001b[1;31m---------------------------------------------------------------------------\u001b[0m",
      "\u001b[1;31mValueError\u001b[0m                                Traceback (most recent call last)",
      "\u001b[1;32m<ipython-input-61-3f0df6abea56>\u001b[0m in \u001b[0;36m<module>\u001b[1;34m\u001b[0m\n\u001b[1;32m----> 1\u001b[1;33m \u001b[0mprint\u001b[0m\u001b[1;33m(\u001b[0m\u001b[0mU\u001b[0m\u001b[1;33m.\u001b[0m\u001b[0mdot\u001b[0m\u001b[1;33m(\u001b[0m\u001b[0mS\u001b[0m\u001b[1;33m)\u001b[0m\u001b[1;33m.\u001b[0m\u001b[0mdot\u001b[0m\u001b[1;33m(\u001b[0m\u001b[0mV\u001b[0m\u001b[1;33m)\u001b[0m\u001b[1;33m)\u001b[0m\u001b[1;33m\u001b[0m\u001b[1;33m\u001b[0m\u001b[0m\n\u001b[0m",
      "\u001b[1;31mValueError\u001b[0m: shapes (8,8) and (42,42) not aligned: 8 (dim 1) != 42 (dim 0)"
     ]
    }
   ],
   "source": [
    "print(U.dot(S).dot(V))"
   ]
  },
  {
   "cell_type": "code",
   "execution_count": 62,
   "metadata": {},
   "outputs": [
    {
     "data": {
      "text/plain": [
       "array([[ 1.00000000e+00, -1.20464404e-16,  4.58868062e-17,\n",
       "         1.89828088e-16, -1.06660932e-16, -3.12331035e-16,\n",
       "         8.11418378e-18, -5.98114954e-17],\n",
       "       [-1.20464404e-16,  1.00000000e+00,  2.61006413e-16,\n",
       "        -2.82635336e-17, -9.98429629e-17,  2.83348805e-16,\n",
       "        -4.66389050e-17,  6.64178617e-17],\n",
       "       [ 4.58868062e-17,  2.61006413e-16,  1.00000000e+00,\n",
       "        -3.91904787e-18, -3.53581341e-16,  5.54221667e-17,\n",
       "         3.84250660e-17, -2.56431542e-16],\n",
       "       [ 1.89828088e-16, -2.82635336e-17, -3.91904787e-18,\n",
       "         1.00000000e+00,  1.23965629e-16,  1.41951260e-16,\n",
       "         3.77669672e-17, -1.12107197e-16],\n",
       "       [-1.06660932e-16, -9.98429629e-17, -3.53581341e-16,\n",
       "         1.23965629e-16,  1.00000000e+00, -7.47066902e-17,\n",
       "         3.24993081e-16, -3.85908979e-17],\n",
       "       [-3.12331035e-16,  2.83348805e-16,  5.54221667e-17,\n",
       "         1.41951260e-16, -7.47066902e-17,  1.00000000e+00,\n",
       "         2.09699070e-16,  7.45734811e-18],\n",
       "       [ 8.11418378e-18, -4.66389050e-17,  3.84250660e-17,\n",
       "         3.77669672e-17,  3.24993081e-16,  2.09699070e-16,\n",
       "         1.00000000e+00, -5.92340268e-16],\n",
       "       [-5.98114954e-17,  6.64178617e-17, -2.56431542e-16,\n",
       "        -1.12107197e-16, -3.85908979e-17,  7.45734811e-18,\n",
       "        -5.92340268e-16,  1.00000000e+00]])"
      ]
     },
     "execution_count": 62,
     "metadata": {},
     "output_type": "execute_result"
    }
   ],
   "source": [
    "U.transpose().dot(U)"
   ]
  },
  {
   "cell_type": "code",
   "execution_count": 63,
   "metadata": {},
   "outputs": [
    {
     "name": "stdout",
     "output_type": "stream",
     "text": [
      "[[ 0.11657869  0.32576064]\n",
      " [ 0.5106581  -0.10619854]\n",
      " [ 0.6026951   0.63965956]\n",
      " [ 0.336086   -0.1255377 ]\n",
      " [ 0.25649197 -0.2319602 ]\n",
      " [ 0.27737097 -0.32285035]\n",
      " [ 0.31858528 -0.52006122]\n",
      " [ 0.07227147 -0.17081057]]\n",
      "[[ 0.02445762  0.19327996  0.02445762  0.05381072  0.1315911   0.12644238\n",
      "   0.25288477  0.07050914  0.02445762  0.05381072  0.14019079  0.1509\n",
      "   0.05819103  0.1509      0.05819103  0.06683758  0.02445762  0.02445762\n",
      "   0.12644238  0.07050914  0.08199977  0.59005782  0.10713349  0.06683758\n",
      "   0.05819103  0.07050914  0.06683758  0.05381072  0.07050914  0.17764263\n",
      "   0.12229567  0.23357587  0.12644238  0.12644238  0.23844413  0.17764263\n",
      "   0.07050914  0.17883932  0.05381072  0.30408501  0.06683758  0.06683758]\n",
      " [ 0.09564178  0.03511351  0.09564178 -0.06810242  0.06446239  0.18780101\n",
      "   0.37560203 -0.03685727  0.09564178 -0.06810242 -0.29762401  0.28344279\n",
      "  -0.09478733  0.28344279 -0.09478733 -0.15268751  0.09564178  0.09564178\n",
      "   0.18780101 -0.03685727 -0.20283668 -0.22699229 -0.03117939 -0.15268751\n",
      "  -0.09478733 -0.03685727 -0.15268751 -0.06810242 -0.03685727 -0.06803666\n",
      "  -0.08132856  0.15662163  0.18780101  0.18780101  0.02491127 -0.06803666\n",
      "  -0.03685727 -0.31557726 -0.06810242  0.11976435 -0.15268751 -0.15268751]]\n",
      "[[4.76655917 0.        ]\n",
      " [0.         3.40604955]]\n"
     ]
    }
   ],
   "source": [
    "k=2\n",
    "UK=U[:,:k]\n",
    "SK=S[:k, :k]\n",
    "VK=V[:k, :]\n",
    "print(UK)\n",
    "print(VK)\n",
    "print(SK)"
   ]
  },
  {
   "cell_type": "code",
   "execution_count": 64,
   "metadata": {},
   "outputs": [
    {
     "name": "stdout",
     "output_type": "stream",
     "text": [
      "[[ 0.11971058  0.14636209  0.11971058 -0.04566201  0.14464713  0.27863731\n",
      "   0.55727462 -0.00171478  0.11971058 -0.04566201 -0.25232966  0.39834789\n",
      "  -0.07283639  0.39834789 -0.07283639 -0.13227522  0.11971058  0.11971058\n",
      "   0.27863731 -0.00171478 -0.17949327  0.076022    0.02493655 -0.13227522\n",
      "  -0.07283639 -0.00171478 -0.13227522 -0.04566201 -0.00171478  0.02322177\n",
      "  -0.0222815   0.30357385  0.27863731  0.27863731  0.16013891  0.02322177\n",
      "  -0.00171478 -0.25077362 -0.04566201  0.30185908 -0.13227522 -0.13227522]\n",
      " [ 0.02493655  0.45775812  0.02493655  0.15561354  0.29698637  0.23984022\n",
      "   0.47968045  0.18495696  0.02493655  0.15561354  0.44889171  0.26477677\n",
      "   0.17592797  0.26477677  0.17592797  0.21791789  0.02493655  0.02493655\n",
      "   0.23984022  0.18495696  0.27296374  1.51835623  0.27204983  0.21791789\n",
      "   0.17592797  0.18495696  0.21791789  0.15561354  0.18495696  0.45700678\n",
      "   0.32709567  0.51189005  0.23984022  0.23984022  0.57138173  0.45700678\n",
      "   0.18495696  0.5494594   0.15561354  0.69684701  0.21791789  0.21791789]\n",
      " [ 0.27863731  0.6317534   0.27863731  0.00621089  0.51847753  0.77240574\n",
      "   1.54481148  0.12225599  0.27863731  0.00621089 -0.24569949  1.05104305\n",
      "  -0.03934419  1.05104305 -0.03934419 -0.14065235  0.27863731  0.27863731\n",
      "   0.77240574  0.12225599 -0.2063553   1.20055654  0.23984022 -0.14065235\n",
      "  -0.03934419  0.12225599 -0.14065235  0.00621089  0.12225599  0.36209622\n",
      "   0.17413727  1.01224597  0.77240574  0.77240574  0.73927244  0.36209622\n",
      "   0.12225599 -0.17378564  0.00621089  1.13450196 -0.14065235 -0.14065235]\n",
      " [-0.00171478  0.29461534 -0.00171478  0.11532311  0.18324218  0.12225599\n",
      "   0.24451199  0.12871351 -0.00171478  0.11532311  0.35184233  0.12054122\n",
      "   0.13375039  0.12054122  0.13375039  0.17235934 -0.00171478 -0.00171478\n",
      "   0.12225599  0.12871351  0.21809194  1.04231627  0.18495696  0.17235934\n",
      "   0.13375039  0.12871351  0.17235934  0.11532311  0.12871351  0.31367047\n",
      "   0.23068955  0.30721295  0.12225599  0.12225599  0.3713295   0.31367047\n",
      "   0.12871351  0.42143285  0.11532311  0.43592647  0.17235934  0.17235934]\n",
      " [-0.04566201  0.20855896 -0.04566201  0.11959367  0.10995153  0.00621089\n",
      "   0.01242178  0.11532311 -0.04566201  0.11959367  0.40653824 -0.03945112\n",
      "   0.14603186 -0.03945112  0.14603186  0.20234807 -0.04566201 -0.04566201\n",
      "   0.00621089  0.11532311  0.26050638  0.90073467  0.15561354  0.20234807\n",
      "   0.14603186  0.11532311  0.20234807  0.11959367  0.11532311  0.27093665\n",
      "   0.21377184  0.16182443  0.00621089  0.00621089  0.27183642  0.27093665\n",
      "   0.11532311  0.4679736   0.11959367  0.27714754  0.20234807  0.20234807]\n",
      " [-0.07283639  0.21692407 -0.07283639  0.14603186  0.10309158 -0.03934419\n",
      "  -0.07868838  0.13375039 -0.07283639  0.14603186  0.51262752 -0.11218058\n",
      "   0.18116701 -0.11218058  0.18116701  0.25626825 -0.07283639 -0.07283639\n",
      "  -0.03934419  0.13375039  0.33146051  1.02972926  0.17592797  0.25626825\n",
      "   0.18116701  0.13375039  0.25626825  0.14603186  0.13375039  0.30967836\n",
      "   0.25112023  0.13658378 -0.03934419 -0.03934419  0.28785468  0.30967836\n",
      "   0.13375039  0.58346712  0.14603186  0.27033417  0.25626825  0.25626825]\n",
      " [-0.13227522  0.2313079  -0.13227522  0.20234807  0.08564267 -0.14065235\n",
      "  -0.28130469  0.17235934 -0.13227522  0.20234807  0.74008508 -0.27292757\n",
      "   0.25626825 -0.27292757  0.25626825  0.37196025 -0.13227522 -0.13227522\n",
      "  -0.14065235  0.17235934  0.48381683  1.29811936  0.21791789  0.37196025\n",
      "   0.25626825  0.17235934  0.37196025  0.20234807  0.17235934  0.39027724\n",
      "   0.32977447  0.07726555 -0.14065235 -0.14065235  0.31796398  0.39027724\n",
      "   0.17235934  0.83057657  0.20234807  0.24962489  0.37196025  0.37196025]\n",
      " [-0.04721805  0.04615363 -0.04721805  0.05815831  0.0078278  -0.06570295\n",
      "  -0.1314059   0.0457326  -0.04721805  0.05815831  0.22144825 -0.112921\n",
      "   0.07519226 -0.112921    0.07519226  0.11185658 -0.04721805 -0.04721805\n",
      "  -0.06570295  0.0457326   0.14625599  0.33532848  0.05504584  0.11185658\n",
      "   0.07519226  0.0457326   0.11185658  0.05815831  0.0457326   0.10077844\n",
      "   0.08944526 -0.01065711 -0.06570295 -0.06570295  0.06764761  0.10077844\n",
      "   0.0457326   0.24520714  0.05815831  0.03507549  0.11185658  0.11185658]]\n"
     ]
    }
   ],
   "source": [
    "Ak=UK.dot(SK).dot(VK)\n",
    "print(Ak)"
   ]
  }
 ],
 "metadata": {
  "kernelspec": {
   "display_name": "Python 3",
   "language": "python",
   "name": "python3"
  },
  "language_info": {
   "codemirror_mode": {
    "name": "ipython",
    "version": 3
   },
   "file_extension": ".py",
   "mimetype": "text/x-python",
   "name": "python",
   "nbconvert_exporter": "python",
   "pygments_lexer": "ipython3",
   "version": "3.8.3"
  }
 },
 "nbformat": 4,
 "nbformat_minor": 4
}
